world: 9ab27668-58b8-40d6-b246-faf3843fce40
world-name: world
x: 193.47993772610818
y: 65.0
z: 765.313849568673
yaw: 90.12540435791016
pitch: -2.8590519428253174
name: talentshow
lastowner: 4caeae14-e143-3652-ab3a-8a6dc5393d3d
